
004000002
010000080
502060000
080005630
096840000
000020090
000010060
000400503
000080201

030008005
008000000
000000026
026317000
005000000
800026001
000000008
700090030
002653910

000000070
050089002
200710000
000964080
740500000
100000000
060000000
510207890
000890010

960080050
018003007
003020000
000000700
005090380
780000029
050300001
000000008
070010090

000000027
000002908
000000000
017030004
030604000
960700010
800000060
000309002
000400803

001090000
805024090
600500001
000050000
000081050
000400700
509200006
070000400
014007080

004060750
019004020
200001000
160000030
090000000
002500000
730106900
000900006
040037000

002070003
000000402
600000890
000007240
003600000
090000087
907000031
830000060
001009000

009007050
803600900
070830610
000100000
900000500
000000002
001206300
300090708
008003000

000070060
100000059
000000003
005000028
067002500
003000900
050037002
600089010
080000070
