
980006200
001000300
070000008
400208000
030070081
007490600
000000000
006104070
000087000

910600003
400000000
000004006
030080600
000070040
000900000
062190070
100007800
004030001

000879000
500030000
040000009
700002006
002500308
308090070
000258000
850046007
000000000

800075904
027140005
000300010
002400009
010708000
000000000
005900000
000030000
209050007

690800030
000200400
080001002
003000000
050000000
024000080
100050000
030400650
046300100

020010003
080506701
507000060
200007000
800020000
000400000
100048302
000005600
000070050

000902000
000010009
803600000
204000600
030581000
000006005
080000490
000000062
000090108

002000080
000070002
400005070
090800705
065792040
800010000
000006000
009020050
000000824

200800000
073009000
900010007
100000700
090576103
000008009
600000871
000000035
008003902

007000000
041700056
900100080
000657000
000001905
200090000
000000014
002005007
106004000
