
000000010
007000800
000000536
860170040
000003000
004500600
000050007
300009100
050700980

700020380
002000001
086901000
900000008
008000073
005000600
000087026
000000090
000100700

304050980
060400030
000002000
009000506
000090070
000000009
080300607
005600400
700205000

100400705
000010000
000200810
450000000
000170000
093000000
007090004
000008000
082005007

000002100
070080900
800700030
490300000
162040000
000006000
609020000
030604000
018000400

000000027
100900605
903000000
000000001
501607000
030000590
300850006
005710280
000000300

302060090
009200800
000009000
000000580
500000213
280300060
100000000
408006000
630020004

080103000
510200080
402750300
000005038
800000000
000000020
700080094
109500002
000000100

700000000
410003850
035000100
000640380
080500040
000000007
500007001
943000000
000000400

900000008
000800215
000000000
470508900
200000000
109042600
590000000
800090006
600007020
